fx=795.4358, fy=795.4357, cx=1032, cy=1136, width=2064, height=2272